20  WING
Taxi_Out      1g      1             0.9571       10000010         0.9571       10000010
Taxi_Out      9       8             1.1927       10000010         0.7216       10000010
Taxi_Out      10     117            1.1624       10000010         0.7519       10000010
Climb         1g      1             0.2934       10000005         0.2934       10000005
Climb         8       1             0.4249       10000005        -0.4559       10000004
Climb         9       8             0.3645       10000005        -0.5604       10000004
Climb         10      24            0.3362       10000005        -0.6164       10000004
Cruise        1g      1             0.2845       10000005         0.2845       10000005
Cruise        8       1             0.4872       10000005        -0.1995       10000004
Cruise        9       16            0.4191       10000005        -0.3719       10000004
Cruise        10     233            0.3441       10000005        -0.5620       10000004
Descent       1g      1             0.2755       10000005         0.2755       10000005
Descent       9       8             0.3422       10000005        -0.5262       10000004
Descent       10      23            0.3157       10000005        -0.5788       10000004
Landing    Instant    1             0.2667       10000005         0.4158       10000003
Taxi_In       1g      1             0.8987       10000010         0.8987       10000010
Taxi_In       8       1             1.1894       10000010         0.6080       10000010
Taxi_In       9       8             1.1199       10000010         0.6775       10000010
Taxi_In       10     116            1.0915       10000010         0.7060       10000010
Stop          1g      1             0.8987       10000010         0.8987       10000010
