33
Taxi Out      1g      1             0.9571       10000010         0.9571       10000010
Taxi Out      7       3             1.3184       10000010         0.5959       10000010
Taxi Out      8       12            1.2667       10000010         0.6475       10000010
Taxi Out      9       83            1.1927       10000010         0.7216       10000010
Taxi Out      10     302            1.1624       10000010         0.7519       10000010
Climb         1g      1             0.2934       10000005         0.2934       10000005
Climb         5       1             0.5801       10000005        -0.1719       10000004
Climb         6       1             0.5370       10000005        -0.2399       10000004
Climb         7       3             0.4807       10000005        -0.3452       10000004
Climb         8       12            0.4249       10000005        -0.4559       10000004
Climb         9       83            0.3645       10000005        -0.5604       10000004
Climb         10      60            0.3362       10000005        -0.6164       10000004
Cruise        1g      1             0.2845       10000005         0.2845       10000005
Cruise        5       1             0.6818       10000005         0.2391       10000004
Cruise        6       1             0.6300       10000005         0.1236       10000004
Cruise        7       6             0.5564       10000005        -0.0368       10000004
Cruise        8       24            0.4872       10000005        -0.1995       10000004
Cruise        9      165            0.4191       10000005        -0.3719       10000004
Cruise        10     603            0.3441       10000005        -0.5620       10000004
Descent       1g      1             0.2755       10000005         0.2755       10000005
Descent       7       3             0.4514       10000005        -0.3241       10000004
Descent       8       12            0.3990       10000005        -0.4280       10000004
Descent       9       82            0.3422       10000005        -0.5262       10000004
Descent       10      60            0.3157       10000005        -0.5788       10000004
Landing    Instant    1             0.2667       10000005         0.4791       10000003
Taxi In       1g      1             0.8987       10000010         0.8987       10000010
Taxi In       5       1             1.3139       10000010         0.4835       10000010
Taxi In       6       1             1.2846       10000010         0.5128       10000010
Taxi In       7       3             1.2379       10000010         0.5595       10000010
Taxi In       8       12            1.1894       10000010         0.6080       10000010
Taxi In       9       82            1.1199       10000010         0.6775       10000010
Taxi In       10     301            1.0915       10000010         0.7060       10000010
Stop          1g      1             0.8987       10000010         0.8987       10000010
