43  WING
Taxi_Out      1g      1            0.9571      10000010        0.9571      10000010
Taxi_Out      5       1            1.3994      10000010        0.5149      10000010
Taxi_Out      6       4            1.3682      10000010        0.5461      10000010
Taxi_Out      7       11           1.3184      10000010        0.5959      10000010
Taxi_Out      8       31           1.2667      10000010        0.6475      10000010
Taxi_Out      9      139           1.1927      10000010        0.7216      10000010
Taxi_Out      10     440           1.1624      10000010        0.7519      10000010
Climb         1g      1            0.2934      10000005        0.2934      10000005
Climb         3       1            0.6981      10000005       -0.0332      10000004
Climb         4       1            0.6275      10000005       -0.1048      10000004
Climb         5       1            0.5801      10000005       -0.1719      10000004
Climb         6       4            0.5370      10000005       -0.2399      10000004
Climb         7       11           0.4807      10000005       -0.3452      10000004
Climb         8       31           0.4249      10000005       -0.4559      10000004
Climb         9      139           0.3645      10000005       -0.5604      10000004
Climb         10      88           0.3362      10000005       -0.6164      10000004
Cruise        1g      1            0.2845      10000005        0.2845      10000005
Cruise        3       1            0.7922      10000005        0.4841      10000004
Cruise        4       1            0.7357      10000005        0.3573      10000004
Cruise        5       2            0.6818      10000005        0.2391      10000004
Cruise        6       7            0.6300      10000005        0.1236      10000004
Cruise        7       22           0.5564      10000005       -0.0368      10000004
Cruise        8       61           0.4872      10000005       -0.1995      10000004
Cruise        9      277           0.4191      10000005       -0.3719      10000004
Cruise        10     879           0.3441      10000005       -0.5620      10000004
Descent       1g      1            0.2755      10000005        0.2755      10000005
Descent       5       1            0.5447      10000005       -0.1614      10000004
Descent       6       3            0.5043      10000005       -0.2253      10000004
Descent       7       11           0.4514      10000005       -0.3241      10000004
Descent       8       30           0.3990      10000005       -0.4280      10000004
Descent       9      138           0.3422      10000005       -0.5262      10000004
Descent       10      88           0.3157      10000005       -0.5788      10000004
Landing    Instant    1            0.2667      10000005        0.5397      10000003
Taxi_In       1g      1            0.8987      10000010        0.8987      10000010
Taxi_In       3       1            1.3779      10000010       0.41950      10000010
Taxi_In       4       1            1.3429      10000010       0.45450      10000010
Taxi_In       5       1            1.3139      10000010       0.48348      10000010
Taxi_In       6       3            1.2846      10000010       0.51279      10000010
Taxi_In       7       11           1.2379      10000010       0.55952      10000010
Taxi_In       8       30           1.1894      10000010       0.60801      10000010
Taxi_In       9      138           1.1199      10000010       0.67753      10000010
Taxi_In       10     439           1.0915      10000010       0.70597      10000010
Stop          1g      1            0.8987      10000010        0.8987      10000010
