51
Taxi Out      1g      1          0.9571    10000010      0.9571    10000010
Taxi Out      4       2          1.4302    10000010      0.4841    10000010
Taxi Out      5       4          1.3994    10000010      0.5149    10000010
Taxi Out      6       9          1.3682    10000010      0.5461    10000010
Taxi Out      7       32         1.3184    10000010      0.5959    10000010
Taxi Out      8       56         1.2667    10000010      0.6475    10000010
Taxi Out      9      195         1.1927    10000010      0.7216    10000010
Taxi Out      10     450         1.1624    10000010      0.7519    10000010
Climb         1g      1          0.2934    10000005      0.2934    10000005
Climb         1       1          0.7612    10000005      0.0925    10000004
Climb         2       1          0.7459    10000005      0.0261    10000004
Climb         3       1          0.6981    10000005     -0.0332    10000004
Climb         4       2          0.6275    10000005     -0.1048    10000004
Climb         5       4          0.5801    10000005     -0.1719    10000004
Climb         6       9          0.5370    10000005     -0.2399    10000004
Climb         7       32         0.4807    10000005     -0.3452    10000004
Climb         8       56         0.4249    10000005     -0.4559    10000004
Climb         9      196         0.3645    10000005     -0.5604    10000004
Climb         10      90         0.3362    10000005     -0.6164    10000004
Cruise        1g      1          0.2845    10000005      0.2845    10000005
Cruise        1       1          0.8440    10000005      0.6930    10000004
Cruise        2       1          0.8357    10000005      0.5840    10000004
Cruise        3       1          0.7922    10000005      0.4841    10000004
Cruise        4       4          0.7357    10000005      0.3573    10000004
Cruise        5       8          0.6818    10000005      0.2391    10000004
Cruise        6       18         0.6300    10000005      0.1236    10000004
Cruise        7       64         0.5564    10000005     -0.0368    10000004
Cruise        8      112         0.4872    10000005     -0.1995    10000004
Cruise        9      391         0.4191    10000005     -0.3719    10000004
Cruise        10     900         0.3441    10000005     -0.5620    10000004
Descent       1g      1          0.2755    10000005      0.2755    10000005
Descent       4       2          0.5892    10000005     -0.0984    10000004
Descent       5       4          0.5447    10000005     -0.1614    10000004
Descent       6       9          0.5043    10000005     -0.2253    10000004
Descent       7       32         0.4514    10000005     -0.3241    10000004
Descent       8       56         0.3990    10000005     -0.4280    10000004
Descent       9      195         0.3422    10000005     -0.5262    10000004
Descent       10      90         0.3157    10000005     -0.5788    10000004
Landing    Instant    1          0.2667    10000005      0.6016    10000003
Taxi In       1g      1          0.8987    10000010      0.8987    10000010
Taxi In       1       1          1.4219    10000010      0.3755    10000010
Taxi In       2       1          1.4029    10000010      0.3945    10000010
Taxi In       3       1          1.3779    10000010      0.4195    10000010
Taxi In       4       2          1.3429    10000010      0.4545    10000010
Taxi In       5       4          1.3139    10000010      0.4835    10000010
Taxi In       6       9          1.2846    10000010      0.5128    10000010
Taxi In       7       32         1.2379    10000010      0.5595    10000010
Taxi In       8       56         1.1894    10000010      0.6080    10000010
Taxi In       9      196         1.1199    10000010      0.6775    10000010
Taxi In       10     450         1.0915    10000010      0.7060    10000010
Stop          1g      1          0.8987    10000010      0.8987    10000010
