15  WING
Taxi_Out      1g      1              0.9571        10000010          0.9571        10000010
Taxi_Out      10      35             1.1624        10000010          0.7519        10000010
Climb         1g      1              0.2934        10000005          0.2934        10000005
Climb         9       1              0.3645        10000005         -0.5604        10000004
Climb         10      7              0.3362        10000005         -0.6164        10000004
Cruise        1g      1              0.2845        10000005          0.2845        10000005
Cruise        9       1              0.4191        10000005         -0.3719        10000004
Cruise        10      69             0.3441        10000005         -0.5620        10000004
Descent       1g      1              0.2755        10000005          0.2755        10000005
Descent       10      7              0.3157        10000005         -0.5788        10000004
Landing    Instant    1              0.2667        10000005          0.3870        10000003
Taxi_In       1g      1              0.8987        10000010          0.8987        10000010
Taxi_In       9       1              1.1199        10000010          0.6775        10000010
Taxi_In       10      34             1.0915        10000010          0.7060        10000010
Stop          1g      1              0.8987        10000010          0.8987        10000010
