29  WING  1   FACTOR
Taxi_Out      1g      1          0.9571    10000010      0.9571    10000010
Taxi_Out      7       2          1.3184    10000010      0.5959    10000010
Taxi_Out      8       10         1.2667    10000010      0.6475    10000010
Taxi_Out      9       58         1.1927    10000010      0.7216    10000010
Taxi_Out      10     256         1.1624    10000010      0.7519    10000010
Climb         6       1          0.5370    10000005     -0.2399    10000004
Climb         7       2          0.4807    10000005     -0.3452    10000004
Climb         8       10         0.4249    10000005     -0.4559    10000004
Climb         9       58         0.3645    10000005     -0.5604    10000004
Climb         10      51         0.3362    10000005     -0.6164    10000004
Cruise        1g      1          0.2845    10000005      0.2845    10000005
Cruise        6       1          0.6300    10000005      0.1236    10000004
Cruise        7       3          0.5564    10000005     -0.0368    10000004
Cruise        8       19         0.4872    10000005     -0.1995    10000004
Cruise        9      115         0.4191    10000005     -0.3719    10000004
Cruise        10     512         0.3441    10000005     -0.5620    10000004
Descent       1g      1          0.2755    10000005      0.2755    10000005
Descent       7       1          0.4514    10000005     -0.3241    10000004
Descent       8       9          0.3990    10000005     -0.4280    10000004
Descent       9       57         0.3422    10000005     -0.5262    10000004
Descent       10      51         0.3157    10000005     -0.5788    10000004
Landing    Instant    1          0.2667    10000005      0.4619    10000003
Taxi_In       1g      1          0.8987    10000010      0.8987    10000010
Taxi_In       6       1          1.2846    10000010      0.5128    10000010
Taxi_In       7       1          1.2379    10000010      0.5595    10000010
Taxi_In       8       9          1.1894    10000010      0.6080    10000010
Taxi_In       9       57         1.1199    10000010      0.6775    10000010
Taxi_In       10     256         1.0915    10000010      0.7060    10000010
Stop          1g      1          0.8987    10000010      0.8987    10000010
