12  WING  1   FACTOR
Taxi_Out      1g      1           0.9571     10000010       0.9571     10000010
Taxi_Out      10      12          1.1624     10000010       0.7519     10000010
Climb         1g      1           0.2934     10000005       0.2934     10000005
Climb         10      3           0.3362     10000005      -0.6164     10000004
Cruise        1g      1           0.2845     10000005       0.2845     10000005
Cruise        10      25          0.3441     10000005      -0.5620     10000004
Descent       1g      1           0.2755     10000005       0.2755     10000005
Descent       10      12          0.3157     10000005      -0.5788     10000004
Landing    Instant    1           0.2667     10000005       0.3264     10000003
Taxi_In       1g      1           0.8987     10000010       0.8987     10000010
Taxi_In       10      2           1.0915     10000010       0.7060     10000010
Stop          1g      1           0.8987     10000010       0.8987     10000010
