10 Levels
1        1        1        4        8        18       64       112      391       360
0        1        1        2        5        11       39       76       366       360
0        0        1        1        2        7        22       61       277       352
0        0        0        1        1        2        14       44       108       272
0        0        0        0        1        1        6        24       165       240
0        0        0        0        0        1        3        19       115       204
0        0        0        0        0        0        1        7        70        164
0        0        0        0        0        0        0        1        16        94
0        0        0        0        0        0        0        0        1         28
0        0        0        0        0        0        0        0        0         10
15       30       75       270      780      2280     12000    62550    508500    2160270
15       45       120      390      1170     3450     15450    78000    586500    2746770
