19          Gust LF Exceedances per NM
0.100       4.4668E-01      -0.100       4.0612E-01
0.150       1.6492E-01      -0.150       1.3414E-01
0.200       7.9912E-02      -0.200       7.3081E-02
0.250       3.1730E-02      -0.250       2.8358E-02
0.300       1.3037E-02      -0.300       1.1823E-02
0.350       5.8743E-03      -0.350       5.3523E-03
0.400       2.7677E-03      -0.400       2.5558E-03
0.450       1.3014E-03      -0.450       1.2642E-03
0.500       8.2886E-04      -0.500       6.4158E-04
0.550       4.7109E-04      -0.550       3.2901E-04
0.600       2.5856E-04      -0.600       1.7022E-04
0.650       1.4266E-04      -0.650       8.7255E-05
0.700       7.9106E-05      -0.700       4.4175E-05
0.750       4.5116E-05      -0.750       2.3008E-05
0.800       2.5233E-05      -0.800       1.1622E-05
0.850       1.4082E-05      -0.850       6.1284E-06
0.900       7.8337E-06      -0.900       2.9873E-06
0.950       4.2494E-06      -0.950       1.5086E-06
1.000       2.1889E-06      -1.000       7.0308E-07
